<?xml version="1.0" encoding="utf-8"?>
<COLLADA xmlns="http://www.collada.org/2005/11/COLLADASchema" version="1.4.1">
  <asset><contributor><author>Mixamo</author><authoring_tool>COLLADA Mixamo exporter</authoring_tool><comments></comments></contributor><created>2015-11-08T04:50:47Z</created><modified>2015-11-08T04:50:47Z</modified><revision></revision><title></title><unit meter="0.010000"/><up_axis>Y_UP</up_axis></asset>
  <library_animations>
    <animation id="Hips-anim" name="Hips"><source id="Hips-Matrix-animation-input"><float_array id="Hips-Matrix-animation-input-array" count="251">

0.000000 0.033333 0.066667 0.100000 0.133333 0.166667 0.200000 0.233333 0.266667 0.300000 0.333333 0.366667 0.400000 0.433333 0.466667 0.500000
0.533333 0.566667 0.600000 0.633333 0.666667 0.700000 0.733333 0.766667 0.800000 0.833333 0.866667 0.900000 0.933333 0.966667 1.000000 1.033333
1.066667 1.100000 1.133333 1.166667 1.200000 1.233333 1.266667 1.300000 1.333333 1.366667 1.400000 1.433333 1.466667 1.500000 1.533333 1.566667
1.600000 1.633333 1.666667 1.700000 1.733333 1.766667 1.800000 1.833333 1.866667 1.900000 1.933333 1.966667 2.000000 2.033333 2.066667 2.100000
2.133333 2.166667 2.200000 2.233333 2.266667 2.300000 2.333333 2.366667 2.400000 2.433333 2.466667 2.500000 2.533333 2.566667 2.600000 2.633333
2.666667 2.700000 2.733333 2.766667 2.800000 2.833333 2.866667 2.900000 2.933333 2.966667 3.000000 3.033333 3.066667 3.100000 3.133333 3.166667
3.200000 3.233333 3.266667 3.300000 3.333333 3.366667 3.400000 3.433333 3.466667 3.500000 3.533333 3.566667 3.600000 3.633333 3.666667 3.700000
3.733333 3.766667 3.800000 3.833333 3.866667 3.900000 3.933333 3.966667 4.000000 4.033333 4.066667 4.100000 4.133333 4.166667 4.200000 4.233333
4.266667 4.300000 4.333333 4.366667 4.400000 4.433333 4.466667 4.500000 4.533333 4.566667 4.600000 4.633333 4.666667 4.700000 4.733333 4.766667
4.800000 4.833333 4.866667 4.900000 4.933333 4.966667 5.000000 5.033333 5.066667 5.100000 5.133333 5.166667 5.200000 5.233333 5.266667 5.300000
5.333333 5.366667 5.400000 5.433333 5.466667 5.500000 5.533333 5.566667 5.600000 5.633333 5.666667 5.700000 5.733333 5.766667 5.800000 5.833333
5.866667 5.900000 5.933333 5.966667 6.000000 6.033333 6.066667 6.100000 6.133333 6.166667 6.200000 6.233333 6.266667 6.300000 6.333333 6.366667
6.400000 6.433333 6.466667 6.500000 6.533333 6.566667 6.600000 6.633333 6.666667 6.700000 6.733333 6.766667 6.800000 6.833333 6.866667 6.900000
6.933333 6.966667 7.000000 7.033333 7.066667 7.100000 7.133333 7.166667 7.200000 7.233333 7.266667 7.300000 7.333333 7.366667 7.400000 7.433333
7.466667 7.500000 7.533333 7.566667 7.600000 7.633333 7.666667 7.700000 7.733333 7.766667 7.800000 7.833333 7.866667 7.900000 7.933333 7.966667
8.000000 8.033333 8.066667 8.100000 8.133333 8.166667 8.200000 8.233333 8.266667 8.300000 8.333333</float_array><technique_common><accessor source="#Hips-Matrix-animation-input-array" count="251"><param name="TIME" type="float"/></accessor></technique_common></source><source id="Hips-Matrix-animation-output-transform"><float_array id="Hips-Matrix-animation-output-transform-array" count="4016">

0.994030 0.060059 -0.091088 0.024802 -0.054228 0.996398 0.065193 95.575401 0.094675 -0.059864 0.993707 0.011545 0.000000 0.000000 0.000000 1.000000
0.994032 0.060060 -0.091067 0.025683 -0.054260 0.996417 0.064884 95.576195 0.094637 -0.059555 0.993729 0.012423 0.000000 0.000000 0.000000 1.000000
0.994018 0.060057 -0.091220 0.026771 -0.054270 0.996431 0.064656 95.577835 0.094777 -0.059319 0.993730 0.016894 0.000000 0.000000 0.000000 1.000000
0.993999 0.060034 -0.091439 0.028557 -0.054249 0.996443 0.064483 95.579826 0.094985 -0.059136 0.993721 0.023912 0.000000 0.000000 0.000000 1.000000
0.993967 0.060041 -0.091790 0.030304 -0.054245 0.996449 0.064393 95.582413 0.095330 -0.059025 0.993694 0.032426 0.000000 0.000000 0.000000 1.000000
0.993911 0.060083 -0.092365 0.031602 -0.054256 0.996451 0.064352 95.585503 0.095904 -0.058948 0.993644 0.041478 0.000000 0.000000 0.000000 1.000000
0.993839 0.060126 -0.093109 0.032857 -0.054263 0.996456 0.064272 95.588333 0.096643 -0.058823 0.993579 0.050134 0.000000 0.000000 0.000000 1.000000
0.993765 0.060165 -0.093867 0.034188 -0.054269 0.996463 0.064156 95.589569 0.097395 -0.058662 0.993515 0.058179 0.000000 0.000000 0.000000 1.000000
0.993693 0.060229 -0.094590 0.035255 -0.054295 0.996465 0.064100 95.589386 0.098117 -0.058560 0.993450 0.066268 0.000000 0.000000 0.000000 1.000000
0.993617 0.060332 -0.095320 0.036264 -0.054355 0.996462 0.064100 95.590347 0.098851 -0.058510 0.993381 0.074991 0.000000 0.000000 0.000000 1.000000
0.993539 0.060461 -0.096048 0.037816 -0.054450 0.996462 0.064019 95.593819 0.099579 -0.058376 0.993316 0.083854 0.000000 0.000000 0.000000 1.000000
0.993463 0.060575 -0.096754 0.039863 -0.054547 0.996472 0.063780 95.597824 0.100276 -0.058086 0.993263 0.092062 0.000000 0.000000 0.000000 1.000000
0.993393 0.060642 -0.097429 0.041490 -0.054606 0.996489 0.063467 95.599327 0.100935 -0.057728 0.993217 0.099502 0.000000 0.000000 0.000000 1.000000
0.993330 0.060704 -0.098029 0.042102 -0.054662 0.996503 0.063194 95.598564 0.101522 -0.057414 0.993175 0.106498 0.000000 0.000000 0.000000 1.000000
0.993273 0.060813 -0.098540 0.041053 -0.054761 0.996510 0.063002 95.597420 0.102028 -0.057182 0.993137 0.113333 0.000000 0.000000 0.000000 1.000000
0.993215 0.060988 -0.099015 0.037278 -0.054924 0.996510 0.062863 95.596970 0.102503 -0.056998 0.993098 0.119707 0.000000 0.000000 0.000000 1.000000
0.993162 0.061192 -0.099422 0.030556 -0.055124 0.996510 0.062677 95.596138 0.102910 -0.056768 0.993069 0.124989 0.000000 0.000000 0.000000 1.000000
0.993128 0.061358 -0.099657 0.022222 -0.055310 0.996520 0.062353 95.594391 0.103136 -0.056413 0.993066 0.129630 0.000000 0.000000 0.000000 1.000000
0.993113 0.061466 -0.099742 0.013860 -0.055458 0.996538 0.061937 95.592636 0.103204 -0.055979 0.993084 0.135161 0.000000 0.000000 0.000000 1.000000
0.993099 0.061567 -0.099817 0.005828 -0.055594 0.996554 0.061560 95.592178 0.103263 -0.055586 0.993100 0.142147 0.000000 0.000000 0.000000 1.000000
0.993082 0.061688 -0.099913 -0.002761 -0.055739 0.996563 0.061282 95.592972 0.103350 -0.055289 0.993107 0.149868 0.000000 0.000000 0.000000 1.000000
0.993076 0.061785 -0.099916 -0.012590 -0.055866 0.996573 0.060997 95.594002 0.103343 -0.054993 0.993124 0.158259 0.000000 0.000000 0.000000 1.000000
0.993086 0.061806 -0.099800 -0.023221 -0.055939 0.996596 0.060557 95.594154 0.103203 -0.054556 0.993163 0.167983 0.000000 0.000000 0.000000 1.000000
0.993094 0.061781 -0.099741 -0.033518 -0.055975 0.996628 0.060001 95.593918 0.103111 -0.054004 0.993203 0.179907 0.000000 0.000000 0.000000 1.000000
0.993081 0.061771 -0.099868 -0.042808 -0.056007 0.996655 0.059521 95.595428 0.103211 -0.053516 0.993219 0.195168 0.000000 0.000000 0.000000 1.000000
0.993064 0.061720 -0.100072 -0.051032 -0.055978 0.996675 0.059210 95.598747 0.103393 -0.053197 0.993217 0.213998 0.000000 0.000000 0.000000 1.000000
0.993062 0.061569 -0.100186 -0.058210 -0.055840 0.996694 0.059023 95.602219 0.103489 -0.053019 0.993217 0.235015 0.000000 0.000000 0.000000 1.000000
0.993078 0.061318 -0.100176 -0.064855 -0.055597 0.996712 0.058945 95.602776 0.103461 -0.052968 0.993222 0.255871 0.000000 0.000000 0.000000 1.000000
0.993108 0.061043 -0.100051 -0.071912 -0.055319 0.996723 0.059013 95.600815 0.103325 -0.053072 0.993231 0.275636 0.000000 0.000000 0.000000 1.000000
0.993146 0.060786 -0.099827 -0.080412 -0.055053 0.996726 0.059210 95.599365 0.103099 -0.053309 0.993242 0.296053 0.000000 0.000000 0.000000 1.000000
0.993181 0.060558 -0.099620 -0.091235 -0.054805 0.996722 0.059505 95.600037 0.102897 -0.053639 0.993245 0.319746 0.000000 0.000000 0.000000 1.000000
0.993197 0.060371 -0.099571 -0.104409 -0.054579 0.996710 0.059912 95.601570 0.102860 -0.054070 0.993225 0.346874 0.000000 0.000000 0.000000 1.000000
0.993202 0.060224 -0.099613 -0.118557 -0.054377 0.996692 0.060403 95.602341 0.102921 -0.054576 0.993191 0.374484 0.000000 0.000000 0.000000 1.000000
0.993215 0.060089 -0.099568 -0.131867 -0.054193 0.996672 0.060897 95.602142 0.102896 -0.055088 0.993166 0.399689 0.000000 0.000000 0.000000 1.000000
0.993240 0.059949 -0.099404 -0.144105 -0.054014 0.996653 0.061370 95.601685 0.102750 -0.055586 0.993153 0.421563 0.000000 0.000000 0.000000 1.000000
0.993277 0.059776 -0.099138 -0.155796 -0.053804 0.996633 0.061864 95.600792 0.102502 -0.056114 0.993149 0.439954 0.000000 0.000000 0.000000 1.000000
0.993334 0.059550 -0.098703 -0.167047 -0.053544 0.996613 0.062415 95.599625 0.102086 -0.056714 0.993158 0.455212 0.000000 0.000000 0.000000 1.000000
0.993418 0.059252 -0.098032 -0.177667 -0.053227 0.996595 0.062975 95.598404 0.101430 -0.057342 0.993189 0.468120 0.000000 0.000000 0.000000 1.000000
0.993526 0.058865 -0.097161 -0.187165 -0.052838 0.996584 0.063473 95.597786 0.100565 -0.057928 0.993243 0.479005 0.000000 0.000000 0.000000 1.000000
0.993651 0.058395 -0.096166 -0.195167 -0.052384 0.996581 0.063887 95.597595 0.099568 -0.058443 0.993313 0.486736 0.000000 0.000000 0.000000 1.000000
0.993787 0.057911 -0.095047 -0.202487 -0.051932 0.996584 0.064220 95.596344 0.098441 -0.058885 0.993399 0.490130 0.000000 0.000000 0.000000 1.000000
0.993934 0.057488 -0.093753 -0.211159 -0.051560 0.996586 0.064478 95.592796 0.097140 -0.059253 0.993505 0.490036 0.000000 0.000000 0.000000 1.000000
0.994088 0.057122 -0.092338 -0.221857 -0.051256 0.996588 0.064698 95.587418 0.095718 -0.059582 0.993624 0.488111 0.000000 0.000000 0.000000 1.000000
0.994237 0.056765 -0.090941 -0.233582 -0.050959 0.996587 0.064943 95.581924 0.094317 -0.059934 0.993736 0.485213 0.000000 0.000000 0.000000 1.000000
0.994372 0.056410 -0.089677 -0.246192 -0.050652 0.996584 0.065228 95.577553 0.093051 -0.060319 0.993833 0.481456 0.000000 0.000000 0.000000 1.000000
0.994489 0.056083 -0.088583 -0.260555 -0.050368 0.996582 0.065485 95.573921 0.091953 -0.060662 0.993914 0.477269 0.000000 0.000000 0.000000 1.000000
0.994588 0.055788 -0.087654 -0.276829 -0.050112 0.996582 0.065677 95.570244 0.091019 -0.060929 0.993984 0.474081 0.000000 0.000000 0.000000 1.000000
0.994669 0.055517 -0.086901 -0.294344 -0.049869 0.996582 0.065859 95.567284 0.090260 -0.061174 0.994038 0.472875 0.000000 0.000000 0.000000 1.000000
0.994731 0.055279 -0.086336 -0.313411 -0.049648 0.996580 0.066060 95.565979 0.089692 -0.061426 0.994074 0.472969 0.000000 0.000000 0.000000 1.000000
0.994779 0.055083 -0.085915 -0.334230 -0.049463 0.996578 0.066230 95.565132 0.089269 -0.061634 0.994099 0.473190 0.000000 0.000000 0.000000 1.000000
0.994816 0.054923 -0.085578 -0.355089 -0.049319 0.996581 0.066288 95.563965 0.088926 -0.061724 0.994124 0.473293 0.000000 0.000000 0.000000 1.000000
0.994844 0.054772 -0.085351 -0.373862 -0.049186 0.996591 0.066230 95.562866 0.088688 -0.061690 0.994147 0.474278 0.000000 0.000000 0.000000 1.000000
0.994854 0.054611 -0.085342 -0.390634 -0.049032 0.996604 0.066151 95.562241 0.088664 -0.061626 0.994153 0.477395 0.000000 0.000000 0.000000 1.000000
0.994841 0.054454 -0.085590 -0.405865 -0.048861 0.996614 0.066137 95.562592 0.088902 -0.061614 0.994133 0.483343 0.000000 0.000000 0.000000 1.000000
0.994815 0.054304 -0.085995 -0.418769 -0.048680 0.996619 0.066194 95.563850 0.089298 -0.061665 0.994094 0.491817 0.000000 0.000000 0.000000 1.000000
0.994788 0.054148 -0.086403 -0.428992 -0.048490 0.996621 0.066294 95.565483 0.089700 -0.061759 0.994052 0.501544 0.000000 0.000000 0.000000 1.000000
0.994765 0.053984 -0.086763 -0.437462 -0.048292 0.996623 0.066415 95.566887 0.090055 -0.061878 0.994013 0.511315 0.000000 0.000000 0.000000 1.000000
0.994743 0.053827 -0.087118 -0.444851 -0.048098 0.996622 0.066572 95.567818 0.090407 -0.062032 0.993971 0.521201 0.000000 0.000000 0.000000 1.000000
0.994715 0.053697 -0.087512 -0.450564 -0.047925 0.996616 0.066779 95.568161 0.090802 -0.062232 0.993923 0.531630 0.000000 0.000000 0.000000 1.000000
0.994680 0.053606 -0.087967 -0.454658 -0.047783 0.996607 0.067018 95.568146 0.091261 -0.062458 0.993866 0.542071 0.000000 0.000000 0.000000 1.000000
0.994637 0.053546 -0.088487 -0.458077 -0.047667 0.996595 0.067273 95.567902 0.091788 -0.062694 0.993803 0.551959 0.000000 0.000000 0.000000 1.000000
0.994593 0.053507 -0.088999 -0.461612 -0.047571 0.996582 0.067542 95.566994 0.092309 -0.062943 0.993739 0.561393 0.000000 0.000000 0.000000 1.000000
0.994557 0.053510 -0.089400 -0.465434 -0.047522 0.996565 0.067818 95.565559 0.092722 -0.063201 0.993684 0.570838 0.000000 0.000000 0.000000 1.000000
0.994526 0.053565 -0.089716 -0.468699 -0.047530 0.996545 0.068110 95.564453 0.093055 -0.063473 0.993636 0.580229 0.000000 0.000000 0.000000 1.000000
0.994490 0.053646 -0.090065 -0.469905 -0.047558 0.996521 0.068435 95.563934 0.093423 -0.063775 0.993582 0.588392 0.000000 0.000000 0.000000 1.000000
0.994455 0.053739 -0.090398 -0.468989 -0.047594 0.996494 0.068813 95.564011 0.093778 -0.064129 0.993526 0.595359 0.000000 0.000000 0.000000 1.000000
0.994436 0.053866 -0.090531 -0.467373 -0.047671 0.996460 0.069252 95.564278 0.093941 -0.064551 0.993483 0.603008 0.000000 0.000000 0.000000 1.000000
0.994437 0.054026 -0.090423 -0.466086 -0.047793 0.996420 0.069735 95.563911 0.093866 -0.065025 0.993459 0.611670 0.000000 0.000000 0.000000 1.000000
0.994448 0.054189 -0.090205 -0.464567 -0.047925 0.996380 0.070221 95.562271 0.093683 -0.065508 0.993445 0.619214 0.000000 0.000000 0.000000 1.000000
0.994461 0.054332 -0.089974 -0.462460 -0.048040 0.996341 0.070688 95.560104 0.093486 -0.065974 0.993432 0.624383 0.000000 0.000000 0.000000 1.000000
0.994482 0.054456 -0.089662 -0.460859 -0.048141 0.996303 0.071149 95.557770 0.093205 -0.066440 0.993428 0.628448 0.000000 0.000000 0.000000 1.000000
0.994524 0.054571 -0.089134 -0.461379 -0.048245 0.996263 0.071645 95.554642 0.092711 -0.066953 0.993439 0.633523 0.000000 0.000000 0.000000 1.000000
0.994585 0.054664 -0.088388 -0.463783 -0.048337 0.996217 0.072211 95.550179 0.092001 -0.067547 0.993465 0.639888 0.000000 0.000000 0.000000 1.000000
0.994656 0.054718 -0.087555 -0.466395 -0.048389 0.996168 0.072851 95.544754 0.091206 -0.068225 0.993492 0.645799 0.000000 0.000000 0.000000 1.000000
0.994729 0.054736 -0.086704 -0.469417 -0.048404 0.996118 0.073522 95.538887 0.090392 -0.068938 0.993517 0.650138 0.000000 0.000000 0.000000 1.000000
0.994808 0.054733 -0.085799 -0.474910 -0.048408 0.996071 0.074153 95.532852 0.089521 -0.069614 0.993549 0.653701 0.000000 0.000000 0.000000 1.000000
0.994892 0.054716 -0.084825 -0.484005 -0.048409 0.996030 0.074710 95.526619 0.088576 -0.070222 0.993591 0.657582 0.000000 0.000000 0.000000 1.000000
0.994984 0.054666 -0.083778 -0.497040 -0.048392 0.995995 0.075180 95.520432 0.087553 -0.070749 0.993644 0.662747 0.000000 0.000000 0.000000 1.000000
0.995083 0.054570 -0.082657 -0.513550 -0.048345 0.995971 0.075523 95.515732 0.086446 -0.071155 0.993712 0.670234 0.000000 0.000000 0.000000 1.000000
0.995181 0.054446 -0.081553 -0.531496 -0.048284 0.995960 0.075712 95.513992 0.085346 -0.071409 0.993789 0.679940 0.000000 0.000000 0.000000 1.000000
0.995263 0.054341 -0.080620 -0.549725 -0.048238 0.995956 0.075798 95.514122 0.084413 -0.071550 0.993859 0.691117 0.000000 0.000000 0.000000 1.000000
0.995319 0.054256 -0.079971 -0.567834 -0.048193 0.995951 0.075889 95.514366 0.083765 -0.071679 0.993904 0.703950 0.000000 0.000000 0.000000 1.000000
0.995356 0.054142 -0.079599 -0.585207 -0.048092 0.995943 0.076054 95.514198 0.083394 -0.071872 0.993921 0.718816 0.000000 0.000000 0.000000 1.000000
0.995382 0.053962 -0.079391 -0.602351 -0.047907 0.995935 0.076285 95.513657 0.083185 -0.072129 0.993920 0.735327 0.000000 0.000000 0.000000 1.000000
0.995407 0.053748 -0.079220 -0.621547 -0.047684 0.995926 0.076540 95.512787 0.083011 -0.072411 0.993914 0.753152 0.000000 0.000000 0.000000 1.000000
0.995434 0.053570 -0.079000 -0.644441 -0.047502 0.995916 0.076783 95.512131 0.082791 -0.072680 0.993913 0.772291 0.000000 0.000000 0.000000 1.000000
0.995463 0.053433 -0.078736 -0.669400 -0.047368 0.995906 0.076987 95.511505 0.082527 -0.072908 0.993918 0.792181 0.000000 0.000000 0.000000 1.000000
0.995487 0.053279 -0.078535 -0.692480 -0.047214 0.995900 0.077159 95.510994 0.082324 -0.073103 0.993921 0.811878 0.000000 0.000000 0.000000 1.000000
0.995500 0.053080 -0.078496 -0.711588 -0.047004 0.995897 0.077325 95.511490 0.082278 -0.073287 0.993911 0.831512 0.000000 0.000000 0.000000 1.000000
0.995501 0.052870 -0.078623 -0.728050 -0.046772 0.995896 0.077480 95.513680 0.082397 -0.073455 0.993889 0.852031 0.000000 0.000000 0.000000 1.000000
0.995493 0.052682 -0.078860 -0.743488 -0.046556 0.995897 0.077603 95.516861 0.082625 -0.073582 0.993861 0.872840 0.000000 0.000000 0.000000 1.000000
0.995477 0.052495 -0.079181 -0.756563 -0.046333 0.995896 0.077742 95.519058 0.082937 -0.073722 0.993824 0.890669 0.000000 0.000000 0.000000 1.000000
0.995458 0.052283 -0.079559 -0.765393 -0.046072 0.995889 0.077995 95.519394 0.083310 -0.073975 0.993774 0.902599 0.000000 0.000000 0.000000 1.000000
0.995441 0.052088 -0.079899 -0.770790 -0.045819 0.995871 0.078374 95.519424 0.083652 -0.074356 0.993717 0.909017 0.000000 0.000000 0.000000 1.000000
0.995429 0.051939 -0.080143 -0.773932 -0.045621 0.995850 0.078752 95.521530 0.083901 -0.074736 0.993668 0.911451 0.000000 0.000000 0.000000 1.000000
0.995420 0.051789 -0.080350 -0.773400 -0.045439 0.995843 0.078942 95.526100 0.084104 -0.074930 0.993636 0.910292 0.000000 0.000000 0.000000 1.000000
0.995413 0.051577 -0.080581 -0.767324 -0.045216 0.995860 0.078860 95.531265 0.084315 -0.074855 0.993624 0.905266 0.000000 0.000000 0.000000 1.000000
0.995406 0.051304 -0.080834 -0.756254 -0.044948 0.995894 0.078577 95.534821 0.084534 -0.074583 0.993625 0.895550 0.000000 0.000000 0.000000 1.000000
0.995401 0.051019 -0.081075 -0.742871 -0.044676 0.995935 0.078209 95.536507 0.084735 -0.074227 0.993635 0.880735 0.000000 0.000000 0.000000 1.000000
0.995399 0.050760 -0.081272 -0.729533 -0.044436 0.995977 0.077813 95.537781 0.084895 -0.073844 0.993650 0.862461 0.000000 0.000000 0.000000 1.000000
0.995397 0.050534 -0.081430 -0.716671 -0.044231 0.996017 0.077422 95.539864 0.085018 -0.073463 0.993667 0.842768 0.000000 0.000000 0.000000 1.000000
0.995393 0.050333 -0.081601 -0.703360 -0.044047 0.996051 0.077084 95.542419 0.085159 -0.073135 0.993680 0.822516 0.000000 0.000000 0.000000 1.000000
0.995385 0.050148 -0.081811 -0.688679 -0.043869 0.996080 0.076815 95.545151 0.085343 -0.072871 0.993683 0.802650 0.000000 0.000000 0.000000 1.000000
0.995375 0.049973 -0.082043 -0.672434 -0.043700 0.996107 0.076556 95.548561 0.085549 -0.072616 0.993684 0.784412 0.000000 0.000000 0.000000 1.000000
0.995362 0.049830 -0.082289 -0.655499 -0.043565 0.996137 0.076250 95.552887 0.085771 -0.072311 0.993687 0.767661 0.000000 0.000000 0.000000 1.000000
0.995342 0.049751 -0.082572 -0.639388 -0.043496 0.996167 0.075893 95.557022 0.086031 -0.071948 0.993691 0.750651 0.000000 0.000000 0.000000 1.000000
0.995317 0.049715 -0.082905 -0.624740 -0.043472 0.996199 0.075487 95.560127 0.086343 -0.071530 0.993694 0.732801 0.000000 0.000000 0.000000 1.000000
0.995289 0.049655 -0.083271 -0.610374 -0.043428 0.996238 0.074994 95.563400 0.086681 -0.071025 0.993701 0.716060 0.000000 0.000000 0.000000 1.000000
0.995262 0.049567 -0.083641 -0.594412 -0.043366 0.996286 0.074394 95.568375 0.087018 -0.070414 0.993715 0.701788 0.000000 0.000000 0.000000 1.000000
0.995234 0.049526 -0.084003 -0.576912 -0.043357 0.996335 0.073740 95.574112 0.087347 -0.069747 0.993733 0.688797 0.000000 0.000000 0.000000 1.000000
0.995204 0.049555 -0.084343 -0.559254 -0.043417 0.996378 0.073117 95.579536 0.087661 -0.069105 0.993751 0.677097 0.000000 0.000000 0.000000 1.000000
0.995174 0.049573 -0.084682 -0.541371 -0.043457 0.996414 0.072598 95.585808 0.087978 -0.068568 0.993760 0.670251 0.000000 0.000000 0.000000 1.000000
0.995144 0.049491 -0.085087 -0.521879 -0.043379 0.996443 0.072241 95.593773 0.088359 -0.068200 0.993751 0.670342 0.000000 0.000000 0.000000 1.000000
0.995109 0.049334 -0.085585 -0.501082 -0.043201 0.996463 0.072080 95.601471 0.088839 -0.068030 0.993720 0.674286 0.000000 0.000000 0.000000 1.000000
0.995070 0.049213 -0.086099 -0.481492 -0.043042 0.996467 0.072112 95.606926 0.089344 -0.068050 0.993673 0.677828 0.000000 0.000000 0.000000 1.000000
0.995038 0.049184 -0.086488 -0.465454 -0.042971 0.996457 0.072291 95.610252 0.089737 -0.068216 0.993627 0.680287 0.000000 0.000000 0.000000 1.000000
0.995020 0.049201 -0.086690 -0.452745 -0.042952 0.996441 0.072534 95.612808 0.089950 -0.068449 0.993591 0.683810 0.000000 0.000000 0.000000 1.000000
0.995012 0.049192 -0.086785 -0.441208 -0.042914 0.996425 0.072776 95.615273 0.090054 -0.068689 0.993565 0.689519 0.000000 0.000000 0.000000 1.000000
0.995004 0.049144 -0.086897 -0.429299 -0.042837 0.996410 0.073017 95.617928 0.090174 -0.068930 0.993538 0.696500 0.000000 0.000000 0.000000 1.000000
0.994990 0.049105 -0.087087 -0.417420 -0.042763 0.996396 0.073255 95.621170 0.090370 -0.069164 0.993504 0.703452 0.000000 0.000000 0.000000 1.000000
0.994970 0.049115 -0.087303 -0.407058 -0.042741 0.996383 0.073444 95.624474 0.090594 -0.069343 0.993471 0.708985 0.000000 0.000000 0.000000 1.000000
0.994954 0.049165 -0.087465 -0.399025 -0.042772 0.996375 0.073531 95.626343 0.090763 -0.069419 0.993450 0.711644 0.000000 0.000000 0.000000 1.000000
0.994943 0.049221 -0.087558 -0.392302 -0.042823 0.996375 0.073512 95.627045 0.090859 -0.069390 0.993443 0.711386 0.000000 0.000000 0.000000 1.000000
0.994934 0.049273 -0.087622 -0.385641 -0.042879 0.996379 0.073423 95.628601 0.090922 -0.069294 0.993444 0.709806 0.000000 0.000000 0.000000 1.000000
0.994927 0.049340 -0.087664 -0.379517 -0.042953 0.996383 0.073315 95.631248 0.090965 -0.069178 0.993448 0.708086 0.000000 0.000000 0.000000 1.000000
0.994924 0.049434 -0.087653 -0.374884 -0.043057 0.996386 0.073214 95.634079 0.090956 -0.069069 0.993457 0.706661 0.000000 0.000000 0.000000 1.000000
0.994923 0.049538 -0.087605 -0.371747 -0.043174 0.996390 0.073102 95.636909 0.090910 -0.068949 0.993469 0.706225 0.000000 0.000000 0.000000 1.000000
0.994919 0.049634 -0.087598 -0.369433 -0.043286 0.996397 0.072936 95.639610 0.090903 -0.068773 0.993482 0.706969 0.000000 0.000000 0.000000 1.000000
0.994907 0.049739 -0.087666 -0.367861 -0.043407 0.996407 0.072720 95.640617 0.090968 -0.068544 0.993492 0.707867 0.000000 0.000000 0.000000 1.000000
0.994893 0.049885 -0.087744 -0.367664 -0.043565 0.996415 0.072519 95.638641 0.091047 -0.068326 0.993500 0.707707 0.000000 0.000000 0.000000 1.000000
0.994884 0.050069 -0.087748 -0.369796 -0.043762 0.996417 0.072379 95.634666 0.091057 -0.068168 0.993510 0.706568 0.000000 0.000000 0.000000 1.000000
0.994882 0.050265 -0.087655 -0.374888 -0.043973 0.996414 0.072287 95.630585 0.090974 -0.068063 0.993525 0.705573 0.000000 0.000000 0.000000 1.000000
0.994885 0.050456 -0.087510 -0.382034 -0.044179 0.996408 0.072239 95.627411 0.090841 -0.068003 0.993541 0.706086 0.000000 0.000000 0.000000 1.000000
0.994887 0.050638 -0.087383 -0.389358 -0.044371 0.996401 0.072226 95.624832 0.090726 -0.067979 0.993553 0.708589 0.000000 0.000000 0.000000 1.000000
0.994884 0.050805 -0.087325 -0.396334 -0.044545 0.996396 0.072192 95.622299 0.090678 -0.067932 0.993561 0.712725 0.000000 0.000000 0.000000 1.000000
0.994873 0.050950 -0.087355 -0.404469 -0.044698 0.996396 0.072084 95.618965 0.090713 -0.067810 0.993566 0.717566 0.000000 0.000000 0.000000 1.000000
0.994858 0.051076 -0.087462 -0.415021 -0.044836 0.996405 0.071883 95.614014 0.090819 -0.067592 0.993571 0.721382 0.000000 0.000000 0.000000 1.000000
0.994836 0.051221 -0.087627 -0.427341 -0.044998 0.996420 0.071575 95.608955 0.090980 -0.067263 0.993579 0.723358 0.000000 0.000000 0.000000 1.000000
0.994807 0.051410 -0.087846 -0.439411 -0.045207 0.996438 0.071192 95.606552 0.091193 -0.066851 0.993587 0.725150 0.000000 0.000000 0.000000 1.000000
0.994768 0.051628 -0.088150 -0.450325 -0.045443 0.996456 0.070791 95.607506 0.091492 -0.066415 0.993589 0.729225 0.000000 0.000000 0.000000 1.000000
0.994722 0.051824 -0.088553 -0.460743 -0.045649 0.996475 0.070388 95.609039 0.091889 -0.065974 0.993581 0.735947 0.000000 0.000000 0.000000 1.000000
0.994674 0.051954 -0.089017 -0.470440 -0.045787 0.996497 0.069976 95.608261 0.092341 -0.065528 0.993569 0.743554 0.000000 0.000000 0.000000 1.000000
0.994629 0.052037 -0.089477 -0.478798 -0.045874 0.996519 0.069602 95.605743 0.092787 -0.065124 0.993554 0.751103 0.000000 0.000000 0.000000 1.000000
0.994590 0.052103 -0.089871 -0.486621 -0.045941 0.996536 0.069320 95.603470 0.093171 -0.064816 0.993538 0.759398 0.000000 0.000000 0.000000 1.000000
0.994559 0.052155 -0.090181 -0.494469 -0.045994 0.996549 0.069093 95.602211 0.093473 -0.064569 0.993526 0.769056 0.000000 0.000000 0.000000 1.000000
0.994533 0.052170 -0.090459 -0.501730 -0.046016 0.996567 0.068828 95.601936 0.093739 -0.064289 0.993519 0.779776 0.000000 0.000000 0.000000 1.000000
0.994505 0.052128 -0.090791 -0.507780 -0.045985 0.996592 0.068487 95.602379 0.094052 -0.063936 0.993512 0.791364 0.000000 0.000000 0.000000 1.000000
0.994471 0.052040 -0.091212 -0.512644 -0.045906 0.996621 0.068111 95.603203 0.094448 -0.063548 0.993500 0.803587 0.000000 0.000000 0.000000 1.000000
0.994435 0.051936 -0.091664 -0.516699 -0.045808 0.996651 0.067737 95.603951 0.094875 -0.063161 0.993483 0.815260 0.000000 0.000000 0.000000 1.000000
0.994403 0.051855 -0.092048 -0.520630 -0.045739 0.996680 0.067357 95.604652 0.095236 -0.062770 0.993474 0.824952 0.000000 0.000000 0.000000 1.000000
0.994381 0.051807 -0.092315 -0.525273 -0.045714 0.996709 0.066942 95.605301 0.095479 -0.062345 0.993477 0.832644 0.000000 0.000000 0.000000 1.000000
0.994366 0.051764 -0.092505 -0.530598 -0.045703 0.996740 0.066486 95.604950 0.095645 -0.061883 0.993490 0.839946 0.000000 0.000000 0.000000 1.000000
0.994351 0.051692 -0.092709 -0.534863 -0.045659 0.996771 0.066058 95.604218 0.095824 -0.061452 0.993500 0.848902 0.000000 0.000000 0.000000 1.000000
0.994331 0.051596 -0.092970 -0.536359 -0.045578 0.996795 0.065740 95.605240 0.096064 -0.061130 0.993496 0.860186 0.000000 0.000000 0.000000 1.000000
0.994308 0.051518 -0.093265 -0.535553 -0.045500 0.996812 0.065542 95.608269 0.096344 -0.060926 0.993482 0.872253 0.000000 0.000000 0.000000 1.000000
0.994282 0.051475 -0.093562 -0.534289 -0.045449 0.996821 0.065437 95.610664 0.096633 -0.060810 0.993461 0.883277 0.000000 0.000000 0.000000 1.000000
0.994258 0.051441 -0.093833 -0.533329 -0.045398 0.996823 0.065442 95.610771 0.096901 -0.060806 0.993435 0.893618 0.000000 0.000000 0.000000 1.000000
0.994242 0.051393 -0.094029 -0.532628 -0.045323 0.996817 0.065590 95.609123 0.097101 -0.060951 0.993406 0.904169 0.000000 0.000000 0.000000 1.000000
0.994235 0.051356 -0.094127 -0.532593 -0.045255 0.996803 0.065851 95.606895 0.097208 -0.061212 0.993380 0.914261 0.000000 0.000000 0.000000 1.000000
0.994229 0.051375 -0.094175 -0.533256 -0.045239 0.996782 0.066170 95.605324 0.097272 -0.061527 0.993354 0.923578 0.000000 0.000000 0.000000 1.000000
0.994219 0.051475 -0.094230 -0.534459 -0.045302 0.996756 0.066519 95.605659 0.097348 -0.061866 0.993326 0.933080 0.000000 0.000000 0.000000 1.000000
0.994206 0.051648 -0.094275 -0.536875 -0.045438 0.996726 0.066872 95.606636 0.097420 -0.062200 0.993298 0.942567 0.000000 0.000000 0.000000 1.000000
0.994197 0.051871 -0.094246 -0.541147 -0.045630 0.996695 0.067215 95.605431 0.097421 -0.062524 0.993277 0.950343 0.000000 0.000000 0.000000 1.000000
0.994192 0.052124 -0.094156 -0.545819 -0.045850 0.996658 0.067606 95.601189 0.097366 -0.062897 0.993259 0.954423 0.000000 0.000000 0.000000 1.000000
0.994182 0.052388 -0.094111 -0.547781 -0.046072 0.996616 0.068076 95.595558 0.097359 -0.063344 0.993231 0.953141 0.000000 0.000000 0.000000 1.000000
0.994170 0.052632 -0.094104 -0.546270 -0.046273 0.996576 0.068525 95.589676 0.097388 -0.063771 0.993201 0.946431 0.000000 0.000000 0.000000 1.000000
0.994175 0.052848 -0.093932 -0.545509 -0.046467 0.996543 0.068863 95.582703 0.097246 -0.064097 0.993194 0.937728 0.000000 0.000000 0.000000 1.000000
0.994203 0.053057 -0.093513 -0.548701 -0.046676 0.996513 0.069156 95.575066 0.096856 -0.064391 0.993213 0.932053 0.000000 0.000000 0.000000 1.000000
0.994235 0.053254 -0.093063 -0.553095 -0.046866 0.996479 0.069528 95.568657 0.096438 -0.064765 0.993230 0.931627 0.000000 0.000000 0.000000 1.000000
0.994253 0.053414 -0.092781 -0.554999 -0.046995 0.996436 0.070042 95.563965 0.096191 -0.065279 0.993220 0.935838 0.000000 0.000000 0.000000 1.000000
0.994259 0.053547 -0.092633 -0.554406 -0.047071 0.996384 0.070735 95.559196 0.096086 -0.065969 0.993185 0.942873 0.000000 0.000000 0.000000 1.000000
0.994267 0.053687 -0.092470 -0.553825 -0.047139 0.996319 0.071599 95.552544 0.095973 -0.066829 0.993138 0.950732 0.000000 0.000000 0.000000 1.000000
0.994286 0.053833 -0.092181 -0.555579 -0.047213 0.996246 0.072555 95.543739 0.095741 -0.067788 0.993095 0.957717 0.000000 0.000000 0.000000 1.000000
0.994318 0.053983 -0.091749 -0.560910 -0.047298 0.996170 0.073534 95.533173 0.095367 -0.068777 0.993063 0.962503 0.000000 0.000000 0.000000 1.000000
0.994357 0.054166 -0.091213 -0.570145 -0.047426 0.996092 0.074502 95.522438 0.094892 -0.069756 0.993041 0.964999 0.000000 0.000000 0.000000 1.000000
0.994400 0.054379 -0.090622 -0.582764 -0.047599 0.996019 0.075363 95.514114 0.094360 -0.070627 0.993030 0.967168 0.000000 0.000000 0.000000 1.000000
0.994448 0.054541 -0.089993 -0.597583 -0.047749 0.995966 0.075972 95.509827 0.093773 -0.071253 0.993041 0.970805 0.000000 0.000000 0.000000 1.000000
0.994504 0.054587 -0.089344 -0.612986 -0.047810 0.995937 0.076311 95.508461 0.093147 -0.071620 0.993073 0.974128 0.000000 0.000000 0.000000 1.000000
0.994559 0.054534 -0.088765 -0.626908 -0.047783 0.995926 0.076473 95.507980 0.092574 -0.071816 0.993113 0.972774 0.000000 0.000000 0.000000 1.000000
0.994603 0.054446 -0.088319 -0.638404 -0.047724 0.995926 0.076515 95.507111 0.092125 -0.071887 0.993149 0.964782 0.000000 0.000000 0.000000 1.000000
0.994642 0.054391 -0.087908 -0.649506 -0.047705 0.995931 0.076451 95.505363 0.091709 -0.071848 0.993190 0.953226 0.000000 0.000000 0.000000 1.000000
0.994683 0.054368 -0.087462 -0.661847 -0.047726 0.995940 0.076320 95.503052 0.091256 -0.071740 0.993240 0.942212 0.000000 0.000000 0.000000 1.000000
0.994715 0.054297 -0.087138 -0.672302 -0.047691 0.995953 0.076175 95.501823 0.090922 -0.071617 0.993280 0.932177 0.000000 0.000000 0.000000 1.000000
0.994730 0.054131 -0.087070 -0.677735 -0.047542 0.995970 0.076047 95.502968 0.090835 -0.071506 0.993295 0.921986 0.000000 0.000000 0.000000 1.000000
0.994734 0.053915 -0.087164 -0.679188 -0.047330 0.995990 0.075924 95.505600 0.090908 -0.071399 0.993297 0.910704 0.000000 0.000000 0.000000 1.000000
0.994737 0.053712 -0.087258 -0.679401 -0.047135 0.996011 0.075763 95.507698 0.090980 -0.071252 0.993301 0.897338 0.000000 0.000000 0.000000 1.000000
0.994740 0.053554 -0.087312 -0.679345 -0.046992 0.996034 0.075547 95.508270 0.091011 -0.071046 0.993312 0.882083 0.000000 0.000000 0.000000 1.000000
0.994739 0.053447 -0.087395 -0.678124 -0.046900 0.996055 0.075325 95.508102 0.091076 -0.070830 0.993322 0.866643 0.000000 0.000000 0.000000 1.000000
0.994729 0.053374 -0.087552 -0.675106 -0.046830 0.996070 0.075173 95.508369 0.091220 -0.070677 0.993320 0.852056 0.000000 0.000000 0.000000 1.000000
0.994716 0.053307 -0.087742 -0.670947 -0.046757 0.996081 0.075082 95.509613 0.091400 -0.070582 0.993310 0.837870 0.000000 0.000000 0.000000 1.000000
0.994705 0.053239 -0.087906 -0.666505 -0.046688 0.996092 0.074969 95.511467 0.091554 -0.070468 0.993304 0.823524 0.000000 0.000000 0.000000 1.000000
0.994695 0.053192 -0.088049 -0.661480 -0.046646 0.996107 0.074802 95.512894 0.091685 -0.070298 0.993304 0.808573 0.000000 0.000000 0.000000 1.000000
0.994681 0.053190 -0.088208 -0.654077 -0.046646 0.996118 0.074658 95.512711 0.091837 -0.070147 0.993300 0.791333 0.000000 0.000000 0.000000 1.000000
0.994667 0.053250 -0.088333 -0.643274 -0.046702 0.996119 0.074605 95.510933 0.091963 -0.070082 0.993293 0.769508 0.000000 0.000000 0.000000 1.000000
0.994663 0.053370 -0.088300 -0.630752 -0.046829 0.996116 0.074561 95.508965 0.091936 -0.070028 0.993299 0.742447 0.000000 0.000000 0.000000 1.000000
0.994675 0.053529 -0.088066 -0.619179 -0.047020 0.996120 0.074398 95.508026 0.091707 -0.069861 0.993332 0.710788 0.000000 0.000000 0.000000 1.000000
0.994691 0.053731 -0.087761 -0.608150 -0.047269 0.996128 0.074122 95.507736 0.091404 -0.069580 0.993380 0.675312 0.000000 0.000000 0.000000 1.000000
0.994692 0.053995 -0.087595 -0.594261 -0.047571 0.996135 0.073843 95.508141 0.091243 -0.069284 0.993415 0.637643 0.000000 0.000000 0.000000 1.000000
0.994667 0.054270 -0.087708 -0.573748 -0.047859 0.996138 0.073613 95.510490 0.091364 -0.069023 0.993423 0.599729 0.000000 0.000000 0.000000 1.000000
0.994621 0.054460 -0.088112 -0.546238 -0.048042 0.996145 0.073392 95.515045 0.091770 -0.068764 0.993403 0.561839 0.000000 0.000000 0.000000 1.000000
0.994566 0.054553 -0.088670 -0.515922 -0.048117 0.996158 0.073166 95.519981 0.092321 -0.068502 0.993370 0.523671 0.000000 0.000000 0.000000 1.000000
0.994517 0.054631 -0.089167 -0.487758 -0.048177 0.996168 0.072991 95.523300 0.092813 -0.068295 0.993339 0.486458 0.000000 0.000000 0.000000 1.000000
0.994481 0.054770 -0.089491 -0.463161 -0.048305 0.996170 0.072880 95.524513 0.093140 -0.068155 0.993318 0.451206 0.000000 0.000000 0.000000 1.000000
0.994452 0.054961 -0.089694 -0.440445 -0.048495 0.996171 0.072740 95.524254 0.093349 -0.067987 0.993310 0.416778 0.000000 0.000000 0.000000 1.000000
0.994427 0.055160 -0.089852 -0.418827 -0.048709 0.996180 0.072472 95.523796 0.093506 -0.067692 0.993315 0.382351 0.000000 0.000000 0.000000 1.000000
0.994403 0.055340 -0.090004 -0.398257 -0.048917 0.996199 0.072070 95.524612 0.093650 -0.067263 0.993330 0.348913 0.000000 0.000000 0.000000 1.000000
0.994376 0.055497 -0.090198 -0.378154 -0.049105 0.996223 0.071611 95.527496 0.093832 -0.066779 0.993346 0.317637 0.000000 0.000000 0.000000 1.000000
0.994344 0.055631 -0.090476 -0.357859 -0.049259 0.996245 0.071199 95.531563 0.094097 -0.066339 0.993350 0.288184 0.000000 0.000000 0.000000 1.000000
0.994303 0.055752 -0.090846 -0.337049 -0.049385 0.996261 0.070889 95.535378 0.094459 -0.065999 0.993339 0.258844 0.000000 0.000000 0.000000 1.000000
0.994257 0.055885 -0.091273 -0.315860 -0.049514 0.996273 0.070629 95.538712 0.094880 -0.065704 0.993318 0.228074 0.000000 0.000000 0.000000 1.000000
0.994206 0.056049 -0.091717 -0.294584 -0.049682 0.996288 0.070292 95.542419 0.095316 -0.065329 0.993301 0.196162 0.000000 0.000000 0.000000 1.000000
0.994155 0.056219 -0.092167 -0.272942 -0.049871 0.996314 0.069791 95.546738 0.095750 -0.064786 0.993295 0.164801 0.000000 0.000000 0.000000 1.000000
0.994105 0.056334 -0.092636 -0.249803 -0.050017 0.996351 0.069155 95.552063 0.096194 -0.064114 0.993296 0.135338 0.000000 0.000000 0.000000 1.000000
0.994058 0.056371 -0.093120 -0.224376 -0.050089 0.996394 0.068479 95.559189 0.096644 -0.063408 0.993297 0.108365 0.000000 0.000000 0.000000 1.000000
0.994015 0.056375 -0.093575 -0.197064 -0.050126 0.996436 0.067844 95.568092 0.097067 -0.062748 0.993298 0.084219 0.000000 0.000000 0.000000 1.000000
0.993977 0.056396 -0.093967 -0.169255 -0.050173 0.996469 0.067315 95.577110 0.097432 -0.062195 0.993297 0.062246 0.000000 0.000000 0.000000 1.000000
0.993943 0.056444 -0.094295 -0.141806 -0.050238 0.996491 0.066944 95.584229 0.097743 -0.061801 0.993291 0.040733 0.000000 0.000000 0.000000 1.000000
0.993913 0.056510 -0.094567 -0.114683 -0.050308 0.996502 0.066737 95.588654 0.098008 -0.061573 0.993279 0.018662 0.000000 0.000000 0.000000 1.000000
0.993889 0.056593 -0.094771 -0.087939 -0.050386 0.996503 0.066660 95.590927 0.098212 -0.061478 0.993265 -0.003281 0.000000 0.000000 0.000000 1.000000
0.993873 0.056705 -0.094874 -0.062312 -0.050488 0.996495 0.066697 95.591988 0.098323 -0.061498 0.993253 -0.023623 0.000000 0.000000 0.000000 1.000000
0.993866 0.056839 -0.094868 -0.039094 -0.050607 0.996479 0.066849 95.592583 0.098333 -0.061638 0.993243 -0.040889 0.000000 0.000000 0.000000 1.000000
0.993867 0.056979 -0.094769 -0.018850 -0.050729 0.996455 0.067105 95.593292 0.098256 -0.061886 0.993235 -0.054022 0.000000 0.000000 0.000000 1.000000
0.993878 0.057133 -0.094559 -0.000548 -0.050865 0.996427 0.067420 95.594086 0.098073 -0.062198 0.993234 -0.063722 0.000000 0.000000 0.000000 1.000000
0.993900 0.057319 -0.094217 0.017781 -0.051040 0.996396 0.067750 95.595184 0.097761 -0.062528 0.993244 -0.072179 0.000000 0.000000 0.000000 1.000000
0.993928 0.057511 -0.093804 0.037009 -0.051227 0.996364 0.068080 95.596916 0.097378 -0.062862 0.993260 -0.080584 0.000000 0.000000 0.000000 1.000000
0.993950 0.057663 -0.093477 0.056595 -0.051365 0.996332 0.068441 95.598862 0.097081 -0.063226 0.993266 -0.088696 0.000000 0.000000 0.000000 1.000000
0.993957 0.057760 -0.093347 0.076359 -0.051429 0.996300 0.068857 95.599495 0.096979 -0.063640 0.993250 -0.096746 0.000000 0.000000 0.000000 1.000000
0.993953 0.057815 -0.093358 0.096828 -0.051437 0.996266 0.069337 95.597900 0.097018 -0.064115 0.993215 -0.105416 0.000000 0.000000 0.000000 1.000000
0.993954 0.057832 -0.093333 0.117809 -0.051404 0.996231 0.069872 95.594925 0.097023 -0.064652 0.993180 -0.114785 0.000000 0.000000 0.000000 1.000000
0.993973 0.057833 -0.093126 0.137868 -0.051368 0.996196 0.070394 95.591454 0.096843 -0.065186 0.993163 -0.124536 0.000000 0.000000 0.000000 1.000000
0.994007 0.057878 -0.092732 0.154975 -0.051395 0.996163 0.070843 95.588142 0.096476 -0.065653 0.993168 -0.134334 0.000000 0.000000 0.000000 1.000000
0.994043 0.057999 -0.092280 0.168719 -0.051510 0.996131 0.071204 95.585899 0.096053 -0.066027 0.993184 -0.143959 0.000000 0.000000 0.000000 1.000000
0.994071 0.058142 -0.091878 0.180264 -0.051660 0.996108 0.071419 95.585060 0.095673 -0.066249 0.993206 -0.153255 0.000000 0.000000 0.000000 1.000000
0.994098 0.058239 -0.091534 0.190298 -0.051782 0.996103 0.071399 95.584793 0.095335 -0.066238 0.993239 -0.162239 0.000000 0.000000 0.000000 1.000000
0.994123 0.058303 -0.091210 0.198159 -0.051894 0.996116 0.071127 95.584602 0.095003 -0.065976 0.993288 -0.171770 0.000000 0.000000 0.000000 1.000000
0.994146 0.058401 -0.090899 0.203252 -0.052058 0.996142 0.070652 95.584518 0.094674 -0.065506 0.993351 -0.182852 0.000000 0.000000 0.000000 1.000000
0.994162 0.058552 -0.090627 0.206154 -0.052285 0.996173 0.070044 95.584511 0.094382 -0.064897 0.993419 -0.194580 0.000000 0.000000 0.000000 1.000000
0.994173 0.058719 -0.090401 0.207540 -0.052530 0.996206 0.069382 95.584099 0.094132 -0.064229 0.993486 -0.204065 0.000000 0.000000 0.000000 1.000000
0.994184 0.058875 -0.090178 0.207381 -0.052760 0.996238 0.068753 95.583252 0.093886 -0.063595 0.993550 -0.209309 0.000000 0.000000 0.000000 1.000000
0.994197 0.059038 -0.089928 0.204704 -0.052989 0.996261 0.068232 95.582901 0.093620 -0.063071 0.993608 -0.210531 0.000000 0.000000 0.000000 1.000000
0.994208 0.059224 -0.089680 0.198156 -0.053226 0.996274 0.067861 95.583092 0.093365 -0.062695 0.993656 -0.207882 0.000000 0.000000 0.000000 1.000000
0.994215 0.059400 -0.089484 0.188199 -0.053437 0.996279 0.067616 95.582634 0.093167 -0.062443 0.993690 -0.200064 0.000000 0.000000 0.000000 1.000000
0.994217 0.059506 -0.089398 0.176891 -0.053567 0.996285 0.067428 95.581276 0.093078 -0.062249 0.993711 -0.186177 0.000000 0.000000 0.000000 1.000000
0.994210 0.059532 -0.089451 0.165528 -0.053610 0.996297 0.067215 95.580444 0.093122 -0.062031 0.993721 -0.167514 0.000000 0.000000 0.000000 1.000000
0.994194 0.059537 -0.089628 0.153362 -0.053628 0.996314 0.066951 95.581001 0.093283 -0.061756 0.993723 -0.146621 0.000000 0.000000 0.000000 1.000000
0.994171 0.059576 -0.089865 0.138747 -0.053678 0.996330 0.066671 95.581787 0.093507 -0.061459 0.993720 -0.124635 0.000000 0.000000 0.000000 1.000000
0.994146 0.059646 -0.090090 0.120675 -0.053759 0.996343 0.066417 95.581467 0.093722 -0.061185 0.993716 -0.100533 0.000000 0.000000 0.000000 1.000000
